0	0
1	0
2	0
3	0
4	0
5	0
6	0
7	0
8	0
9	0
10	0
11	0
12	0
13	0
14	0
15	0
16	0
17	0
18	0
19	0
20	0
21	0
22	0
23	0
24	0
25	0
26	0
27	0
28	0
29	0
30	0
31	0
32	1
33	2
34	1
35	0
36	1
37	0
38	2
39	3
40	3
41	9
42	4
43	6
44	7
45	9
46	14
47	15
48	26
49	17
50	36
51	36
52	51
53	53
54	45
55	54
56	79
57	81
58	107
59	139
60	144
61	172
62	189
63	260
64	272
65	437
66	875
67	1457
68	1732
69	2098
70	2430
71	2771
72	3411
73	5330
74	8519
75	14896
76	20437
77	16300
78	9335
79	7053
80	8572
81	13049
82	18520
83	24305
84	28975
85	33150
86	27023
87	21616
88	21934
89	23299
90	24507
91	25101
92	25443
93	26287
94	29863
95	35212
96	38173
97	34529
98	32344
99	30520
100	28777
101	27808
102	27746
103	27130
104	28235
105	31406
106	36376
107	39943
108	40943
109	45508
110	51837
111	56415
112	80270
113	166054
114	374548
115	662777
116	697141
117	370420
118	107541
119	27951
120	14303
121	12013
122	12543
123	14932
124	17616
125	17983
126	15334
127	13466
128	13689
129	13472
130	12556
131	11995
132	11827
133	12279
134	12463
135	12629
136	12842
137	13569
138	13540
139	14141
140	14607
141	14679
142	15135
143	15271
144	15829
145	15906
146	16155
147	16183
148	16221
149	16694
150	17181
151	17677
152	17913
153	18673
154	19086
155	19680
156	20292
157	21086
158	21863
159	22870
160	23053
161	23105
162	23287
163	23523
164	24156
165	24499
166	25099
167	25404
168	25517
169	25640
170	25872
171	26136
172	26557
173	26633
174	26933
175	27088
176	27233
177	27551
178	27737
179	27748
180	28195
181	28336
182	28615
183	29046
184	29069
185	29294
186	29646
187	29883
188	29751
189	30872
190	30923
191	31804
192	31872
193	32312
194	32668
195	32574
196	33657
197	33753
198	33704
199	34841
200	35244
201	35870
202	35686
203	35644
204	36194
205	35839
206	36294
207	36837
208	36694
209	37161
210	38304
211	38658
212	39718
213	40673
214	41343
215	42353
216	42881
217	43521
218	43337
219	43766
220	43929
221	44469
222	44204
223	43871
224	44265
225	44537
226	45025
227	47527
228	56351
229	67221
230	66034
231	54598
232	46456
233	43360
234	42525
235	41965
236	40946
237	41338
238	40666
239	40486
240	39795
241	39770
242	40058
243	39667
244	39768
245	39418
246	39082
247	39173
248	39124
249	38675
250	38886
251	38786
252	38571
253	39096
254	38721
255	38604
256	38619
257	38444
258	38465
259	38437
260	38364
261	38335
262	38321
263	38246
264	38381
265	38552
266	38425
267	38973
268	38442
269	38702
270	38758
271	39064
272	38808
273	38852
274	38918
275	39104
276	39569
277	39069
278	39430
279	39257
280	39565
281	39690
282	39446
283	39429
284	39803
285	39427
286	38686
287	39173
288	38922
289	38950
290	38470
291	38239
292	37726
293	37288
294	36246
295	35540
296	33945
297	33048
298	31966
299	31104
300	30388
301	29519
302	29274
303	28668
304	28047
305	27793
306	27470
307	27443
308	27111
309	26697
310	26690
311	26179
312	25662
313	25978
314	25679
315	25763
316	26287
317	29169
318	36643
319	40160
320	34418
321	27712
322	25171
323	24148
324	23786
325	23672
326	23588
327	23195
328	23148
329	22364
330	22515
331	22278
332	21710
333	21587
334	21215
335	21061
336	21005
337	20884
338	20854
339	20447
340	20599
341	20442
342	20203
343	20077
344	19874
345	19931
346	19744
347	19611
348	19733
349	19651
350	19476
351	19243
352	18970
353	18900
354	19039
355	19023
356	18993
357	18734
358	18674
359	18414
360	18751
361	18423
362	18359
363	18285
364	18356
365	18214
366	17998
367	18132
368	17738
369	17475
370	17802
371	17363
372	17433
373	17488
374	17367
375	17060
376	16819
377	16804
378	16767
379	16642
380	16566
381	16386
382	16544
383	16294
384	16216
385	16135
386	15940
387	15884
388	15639
389	15892
390	16088
391	17292
392	28315
393	78042
394	174236
395	213059
396	137904
397	53748
398	21035
399	15341
400	14530
401	14126
402	14022
403	13988
404	13924
405	13733
406	13751
407	13515
408	13381
409	13437
410	13362
411	13362
412	13096
413	13350
414	13399
415	13182
416	13249
417	13147
418	13221
419	13075
420	13041
421	12822
422	12753
423	12615
424	12658
425	12434
426	12728
427	12771
428	13099
429	18301
430	55314
431	198275
432	431216
433	475053
434	259124
435	77155
436	21325
437	12322
438	11367
439	11331
440	10816
441	10465
442	10271
443	10352
444	10320
445	10212
446	10215
447	10275
448	10089
449	10130
450	10289
451	10244
452	10185
453	10325
454	10030
455	10006
456	9857
457	9640
458	9800
459	9679
460	9274
461	9524
462	9380
463	9156
464	9033
465	8758
466	8786
467	8588
468	8618
469	8438
470	8492
471	8350
472	8436
473	8319
474	8410
475	8608
476	8956
477	9119
478	8392
479	8002
480	7763
481	7801
482	7955
483	7977
484	7813
485	7540
486	7390
487	7269
488	7280
489	7185
490	7209
491	7066
492	7315
493	7287
494	7586
495	7313
496	7079
497	7054
498	6751
499	6843
500	6763
501	7028
502	7124
503	7299
504	9292
505	28147
506	152335
507	591556
508	1253928
509	1343493
510	707088
511	185554
512	29410
513	6544
514	4420
515	3865
516	3796
517	3711
518	3536
519	3382
520	3380
521	3365
522	3351
523	3380
524	3609
525	3817
526	4225
527	4464
528	4688
529	4795
530	4890
531	4715
532	4666
533	4544
534	4158
535	4023
536	3860
537	3774
538	3527
539	3313
540	2952
541	2651
542	2617
543	2656
544	3254
545	7421
546	32294
547	105912
548	186184
549	167213
550	76034
551	19736
552	6324
553	4487
554	2970
555	1988
556	1683
557	1872
558	2174
559	2095
560	1718
561	1381
562	1284
563	1244
564	1237
565	1344
566	1342
567	1429
568	1346
569	1389
570	1464
571	1422
572	1373
573	1353
574	1387
575	1328
576	1272
577	1256
578	1174
579	1201
580	1181
581	1169
582	1171
583	1199
584	1082
585	1167
586	1078
587	1226
588	1362
589	1311
590	1300
591	1357
592	1534
593	1427
594	1252
595	1139
596	1080
597	1151
598	1148
599	1085
600	1076
601	1040
602	1099
603	1029
604	1089
605	1122
606	1090
607	1049
608	1103
609	1062
610	1138
611	1157
612	1135
613	1149
614	1156
615	1124
616	1135
617	1194
618	1275
619	1250
620	1317
621	1446
622	2053
623	3595
624	4927
625	4098
626	2024
627	912
628	662
629	578
630	572
631	606
632	618
633	623
634	600
635	617
636	595
637	592
638	593
639	584
640	552
641	609
642	594
643	569
644	620
645	654
646	603
647	516
648	592
649	577
650	581
651	571
652	627
653	555
654	586
655	566
656	542
657	608
658	587
659	578
660	590
661	595
662	611
663	662
664	592
665	523
666	561
667	527
668	513
669	528
670	487
671	528
672	496
673	481
674	500
675	475
676	473
677	479
678	527
679	485
680	507
681	514
682	478
683	532
684	551
685	651
686	598
687	535
688	467
689	462
690	469
691	473
692	454
693	468
694	459
695	477
696	441
697	494
698	480
699	481
700	443
701	452
702	472
703	440
704	430
705	432
706	406
707	415
708	417
709	425
710	426
711	430
712	476
713	453
714	470
715	456
716	426
717	430
718	447
719	418
720	440
721	438
722	460
723	422
724	456
725	430
726	476
727	472
728	524
729	619
730	605
731	571
732	524
733	459
734	481
735	465
736	412
737	400
738	377
739	430
740	391
741	393
742	408
743	364
744	396
745	431
746	373
747	391
748	407
749	412
750	374
751	363
752	377
753	395
754	397
755	355
756	395
757	369
758	363
759	361
760	373
761	343
762	371
763	355
764	366
765	350
766	342
767	347
768	338
769	380
770	364
771	349
772	353
773	303
774	357
775	340
776	327
777	343
778	352
779	365
780	313
781	301
782	320
783	338
784	338
785	322
786	313
787	365
788	380
789	358
790	341
791	298
792	302
793	300
794	315
795	330
796	289
797	306
798	336
799	341
800	298
801	295
802	289
803	315
804	272
805	281
806	322
807	298
808	275
809	268
810	291
811	267
812	302
813	281
814	287
815	317
816	285
817	251
818	263
819	271
820	286
821	268
822	262
823	258
824	269
825	304
826	281
827	296
828	249
829	246
830	261
831	250
832	242
833	305
834	322
835	275
836	211
837	257
838	252
839	249
840	248
841	260
842	252
843	284
844	193
845	208
846	213
847	254
848	202
849	242
850	237
851	245
852	209
853	253
854	203
855	218
856	249
857	219
858	219
859	223
860	256
861	257
862	245
863	250
864	229
865	235
866	232
867	228
868	230
869	272
870	306
871	266
872	252
873	221
874	214
875	219
876	207
877	224
878	185
879	210
880	222
881	206
882	240
883	267
884	271
885	245
886	213
887	196
888	205
889	200
890	224
891	215
892	205
893	246
894	239
895	222
896	220
897	221
898	216
899	230
900	216
901	232
902	259
903	224
904	239
905	190
906	201
907	204
908	208
909	182
910	180
911	178
912	175
913	199
914	185
915	191
916	166
917	186
918	192
919	200
920	208
921	176
922	169
923	191
924	185
925	202
926	182
927	188
928	204
929	212
930	198
931	185
932	188
933	214
934	188
935	204
936	201
937	235
938	286
939	286
940	298
941	282
942	257
943	154
944	170
945	122
946	131
947	129
948	153
949	119
950	130
951	155
952	138
953	139
954	112
955	142
956	114
957	136
958	142
959	130
960	134
961	129
962	147
963	144
964	131
965	124
966	151
967	130
968	122
969	129
970	152
971	114
972	141
973	134
974	153
975	140
976	175
977	164
978	208
979	355
980	348
981	292
982	178
983	138
984	143
985	112
986	116
987	148
988	140
989	134
990	122
991	137
992	120
993	138
994	112
995	128
996	128
997	115
998	145
999	136
1000	142
1001	156
1002	142
1003	161
1004	166
1005	148
1006	169
1007	185
1008	179
1009	187
1010	195
1011	171
1012	199
1013	175
1014	230
1015	245
1016	290
1017	290
1018	167
1019	111
1020	94
1021	72
1022	70
1023	74
1024	79
1025	67
1026	71
1027	77
1028	67
1029	80
1030	74
1031	62
1032	64
1033	72
1034	84
1035	69
1036	65
1037	79
1038	77
1039	82
1040	81
1041	81
1042	83
1043	67
1044	78
1045	82
1046	63
1047	76
1048	83
1049	89
1050	82
1051	91
1052	85
1053	73
1054	90
1055	91
1056	122
1057	109
1058	77
1059	62
1060	46
1061	48
1062	52
1063	62
1064	62
1065	53
1066	73
1067	41
1068	62
1069	42
1070	50
1071	42
1072	40
1073	50
1074	44
1075	39
1076	37
1077	39
1078	67
1079	53
1080	47
1081	53
1082	39
1083	55
1084	54
1085	49
1086	38
1087	56
1088	56
1089	58
1090	49
1091	43
1092	45
1093	46
1094	53
1095	48
1096	47
1097	55
1098	59
1099	49
1100	45
1101	44
1102	58
1103	67
1104	83
1105	65
1106	55
1107	50
1108	42
1109	56
1110	55
1111	47
1112	42
1113	42
1114	31
1115	45
1116	28
1117	46
1118	45
1119	36
1120	42
1121	46
1122	45
1123	68
1124	45
1125	44
1126	45
1127	54
1128	37
1129	49
1130	34
1131	47
1132	42
1133	48
1134	43
1135	45
1136	52
1137	56
1138	49
1139	42
1140	46
1141	45
1142	43
1143	40
1144	36
1145	50
1146	34
1147	47
1148	50
1149	36
1150	44
1151	47
1152	52
1153	32
1154	48
1155	43
1156	45
1157	48
1158	41
1159	45
1160	53
1161	46
1162	41
1163	47
1164	40
1165	38
1166	33
1167	35
1168	51
1169	44
1170	67
1171	47
1172	46
1173	49
1174	39
1175	45
1176	38
1177	39
1178	50
1179	44
1180	31
1181	41
1182	50
1183	35
1184	36
1185	29
1186	38
1187	50
1188	36
1189	37
1190	45
1191	45
1192	45
1193	47
1194	42
1195	41
1196	49
1197	48
1198	35
1199	46
1200	44
1201	42
1202	39
1203	41
1204	46
1205	35
1206	36
1207	53
1208	47
1209	68
1210	82
1211	63
1212	35
1213	42
1214	46
1215	33
1216	35
1217	36
1218	37
1219	49
1220	47
1221	40
1222	38
1223	37
1224	43
1225	48
1226	44
1227	34
1228	33
1229	38
1230	46
1231	42
1232	41
1233	29
1234	36
1235	43
1236	41
1237	28
1238	40
1239	34
1240	35
1241	28
1242	35
1243	36
1244	36
1245	46
1246	40
1247	34
1248	41
1249	32
1250	43
1251	36
1252	31
1253	27
1254	35
1255	41
1256	41
1257	52
1258	61
1259	34
1260	27
1261	44
1262	30
1263	52
1264	30
1265	34
1266	37
1267	37
1268	33
1269	33
1270	32
1271	30
1272	30
1273	40
1274	42
1275	39
1276	31
1277	49
1278	33
1279	39
1280	33
1281	30
1282	48
1283	34
1284	36
1285	28
1286	39
1287	39
1288	38
1289	36
1290	39
1291	37
1292	32
1293	31
1294	30
1295	34
1296	41
1297	39
1298	32
1299	35
1300	75
1301	60
1302	102
1303	68
1304	47
1305	35
1306	33
1307	40
1308	34
1309	34
1310	24
1311	38
1312	42
1313	25
1314	34
1315	26
1316	30
1317	26
1318	34
1319	24
1320	35
1321	36
1322	31
1323	35
1324	37
1325	32
1326	38
1327	24
1328	41
1329	29
1330	19
1331	40
1332	27
1333	41
1334	34
1335	39
1336	39
1337	29
1338	33
1339	25
1340	33
1341	32
1342	29
1343	37
1344	31
1345	25
1346	39
1347	23
1348	33
1349	34
1350	37
1351	31
1352	31
1353	29
1354	37
1355	42
1356	31
1357	29
1358	40
1359	42
1360	33
1361	30
1362	23
1363	36
1364	35
1365	36
1366	30
1367	25
1368	35
1369	36
1370	22
1371	36
1372	31
1373	35
1374	33
1375	32
1376	33
1377	35
1378	40
1379	35
1380	38
1381	36
1382	35
1383	46
1384	71
1385	64
1386	55
1387	29
1388	35
1389	33
1390	28
1391	42
1392	26
1393	31
1394	23
1395	34
1396	30
1397	24
1398	29
1399	25
1400	35
1401	15
1402	17
1403	29
1404	16
1405	35
1406	32
1407	27
1408	37
1409	25
1410	38
1411	38
1412	29
1413	35
1414	33
1415	29
1416	30
1417	28
1418	23
1419	21
1420	29
1421	32
1422	36
1423	27
1424	27
1425	28
1426	32
1427	30
1428	26
1429	33
1430	44
1431	46
1432	44
1433	25
1434	26
1435	26
1436	33
1437	25
1438	33
1439	25
1440	27
1441	27
1442	25
1443	25
1444	24
1445	22
1446	23
1447	16
1448	31
1449	38
1450	32
1451	22
1452	26
1453	26
1454	30
1455	28
1456	40
1457	17
1458	32
1459	35
1460	35
1461	30
1462	19
1463	19
1464	22
1465	35
1466	28
1467	31
1468	26
1469	22
1470	28
1471	22
1472	26
1473	21
1474	31
1475	34
1476	26
1477	33
1478	36
1479	28
1480	30
1481	26
1482	29
1483	24
1484	31
1485	18
1486	23
1487	27
1488	18
1489	22
1490	36
1491	44
1492	23
1493	33
1494	32
1495	30
1496	26
1497	25
1498	26
1499	25
1500	33
1501	15
1502	29
1503	24
1504	25
1505	22
1506	28
1507	17
1508	26
1509	36
1510	22
1511	28
1512	28
1513	42
1514	30
1515	30
1516	27
1517	30
1518	32
1519	54
1520	53
1521	40
1522	35
1523	30
1524	32
1525	32
1526	27
1527	27
1528	24
1529	30
1530	22
1531	21
1532	33
1533	28
1534	27
1535	30
1536	25
1537	31
1538	28
1539	25
1540	32
1541	25
1542	25
1543	28
1544	24
1545	20
1546	31
1547	27
1548	33
1549	30
1550	28
1551	18
1552	28
1553	27
1554	31
1555	30
1556	25
1557	32
1558	26
1559	23
1560	19
1561	31
1562	26
1563	29
1564	29
1565	40
1566	37
1567	58
1568	60
1569	53
1570	37
1571	32
1572	27
1573	23
1574	20
1575	24
1576	25
1577	29
1578	21
1579	22
1580	31
1581	23
1582	19
1583	28
1584	22
1585	24
1586	41
1587	23
1588	32
1589	19
1590	32
1591	26
1592	32
1593	29
1594	26
1595	28
1596	25
1597	20
1598	27
1599	47
1600	72
1601	60
1602	49
1603	32
1604	26
1605	25
1606	27
1607	30
1608	25
1609	24
1610	24
1611	18
1612	29
1613	22
1614	24
1615	24
1616	38
1617	36
1618	25
1619	27
1620	35
1621	36
1622	26
1623	30
1624	27
1625	24
1626	19
1627	24
1628	29
1629	19
1630	28
1631	27
1632	23
1633	33
1634	19
1635	21
1636	18
1637	18
1638	25
1639	25
1640	24
1641	21
1642	23
1643	23
1644	24
1645	23
1646	19
1647	20
1648	37
1649	40
1650	31
1651	33
1652	23
1653	26
1654	27
1655	22
1656	18
1657	23
1658	20
1659	28
1660	23
1661	28
1662	20
1663	22
1664	23
1665	23
1666	26
1667	21
1668	22
1669	24
1670	29
1671	17
1672	21
1673	24
1674	27
1675	47
1676	39
1677	39
1678	24
1679	23
1680	29
1681	22
1682	22
1683	30
1684	26
1685	25
1686	22
1687	24
1688	30
1689	25
1690	29
1691	19
1692	28
1693	23
1694	13
1695	24
1696	29
1697	17
1698	26
1699	28
1700	20
1701	22
1702	23
1703	21
1704	25
1705	18
1706	17
1707	21
1708	10
1709	22
1710	28
1711	25
1712	25
1713	13
1714	23
1715	21
1716	20
1717	28
1718	30
1719	22
1720	26
1721	23
1722	31
1723	19
1724	30
1725	23
1726	28
1727	23
1728	22
1729	21
1730	30
1731	22
1732	32
1733	14
1734	32
1735	28
1736	19
1737	28
1738	19
1739	26
1740	30
1741	17
1742	20
1743	24
1744	17
1745	23
1746	18
1747	27
1748	25
1749	27
1750	23
1751	19
1752	23
1753	25
1754	27
1755	24
1756	23
1757	21
1758	26
1759	30
1760	22
1761	22
1762	28
1763	35
1764	34
1765	28
1766	21
1767	31
1768	41
1769	53
1770	43
1771	26
1772	18
1773	23
1774	14
1775	16
1776	23
1777	16
1778	11
1779	13
1780	21
1781	27
1782	18
1783	20
1784	15
1785	22
1786	27
1787	31
1788	27
1789	28
1790	24
1791	21
1792	17
1793	22
1794	25
1795	27
1796	28
1797	31
1798	14
1799	17
1800	19
1801	20
1802	21
1803	28
1804	13
1805	16
1806	28
1807	15
1808	17
1809	21
1810	18
1811	18
1812	21
1813	16
1814	15
1815	19
1816	14
1817	17
1818	18
1819	23
1820	48
1821	39
1822	32
1823	33
1824	18
1825	27
1826	24
1827	19
1828	19
1829	26
1830	25
1831	23
1832	20
1833	24
1834	13
1835	18
1836	17
1837	17
1838	28
1839	20
1840	26
1841	12
1842	12
1843	20
1844	14
1845	26
1846	23
1847	53
1848	60
1849	53
1850	36
1851	25
1852	23
1853	18
1854	12
1855	17
1856	25
1857	9
1858	11
1859	20
1860	11
1861	13
1862	17
1863	15
1864	16
1865	9
1866	21
1867	14
1868	12
1869	24
1870	12
1871	13
1872	15
1873	18
1874	15
1875	19
1876	19
1877	21
1878	18
1879	15
1880	14
1881	16
1882	17
1883	15
1884	9
1885	17
1886	12
1887	13
1888	8
1889	14
1890	12
1891	12
1892	12
1893	19
1894	11
1895	17
1896	23
1897	8
1898	9
1899	15
1900	13
1901	19
1902	24
1903	26
1904	29
1905	25
1906	16
1907	14
1908	11
1909	14
1910	23
1911	14
1912	16
1913	9
1914	13
1915	13
1916	17
1917	10
1918	7
1919	16
1920	8
1921	19
1922	18
1923	7
1924	16
1925	11
1926	10
1927	12
1928	9
1929	16
1930	13
1931	20
1932	14
1933	15
1934	19
1935	22
1936	11
1937	5
1938	16
1939	10
1940	14
1941	11
1942	11
1943	14
1944	22
1945	13
1946	10
1947	17
1948	18
1949	17
1950	13
1951	10
1952	23
1953	17
1954	24
1955	30
1956	22
1957	22
1958	20
1959	8
1960	5
1961	15
1962	14
1963	11
1964	21
1965	16
1966	14
1967	27
1968	27
1969	19
1970	20
1971	18
1972	9
1973	12
1974	12
1975	7
1976	6
1977	15
1978	12
1979	14
1980	11
1981	10
1982	10
1983	12
1984	13
1985	15
1986	10
1987	9
1988	8
1989	10
1990	9
1991	13
1992	14
1993	11
1994	15
1995	16
1996	10
1997	13
1998	13
1999	12
2000	17
2001	17
2002	18
2003	17
2004	14
2005	21
2006	13
2007	10
2008	11
2009	10
2010	14
2011	18
2012	21
2013	17
2014	25
2015	17
2016	13
2017	14
2018	16
2019	10
2020	7
2021	10
2022	14
2023	15
2024	11
2025	11
2026	8
2027	13
2028	10
2029	10
2030	10
2031	10
2032	14
2033	10
2034	20
2035	20
2036	7
2037	14
2038	8
2039	11
2040	10
2041	8
2042	8
2043	18
2044	16
2045	12
2046	17
2047	8
2048	13
2049	11
2050	12
2051	13
2052	8
2053	9
2054	12
2055	13
2056	14
2057	11
2058	6
2059	5
2060	9
2061	14
2062	13
2063	10
2064	9
2065	11
2066	11
2067	7
2068	7
2069	12
2070	12
2071	11
2072	15
2073	15
2074	8
2075	13
2076	10
2077	9
2078	11
2079	15
2080	17
2081	16
2082	13
2083	40
2084	113
2085	314
2086	518
2087	606
2088	490
2089	224
2090	84
2091	21
2092	11
2093	8
2094	10
2095	6
2096	10
2097	10
2098	7
2099	7
2100	7
2101	11
2102	9
2103	13
2104	13
2105	8
2106	8
2107	8
2108	6
2109	7
2110	10
2111	8
2112	8
2113	15
2114	7
2115	9
2116	3
2117	8
2118	5
2119	7
2120	4
2121	9
2122	10
2123	11
2124	8
2125	7
2126	6
2127	7
2128	5
2129	10
2130	9
2131	8
2132	8
2133	7
2134	7
2135	7
2136	7
2137	8
2138	10
2139	9
2140	9
2141	4
2142	5
2143	8
2144	3
2145	15
2146	4
2147	8
2148	3
2149	4
2150	7
2151	8
2152	8
2153	10
2154	17
2155	21
2156	18
2157	12
2158	7
2159	8
2160	8
2161	10
2162	9
2163	10
2164	8
2165	11
2166	4
2167	1
2168	8
2169	8
2170	7
2171	4
2172	15
2173	9
2174	7
2175	5
2176	7
2177	10
2178	11
2179	7
2180	7
2181	7
2182	4
2183	8
2184	6
2185	3
2186	8
2187	7
2188	5
2189	9
2190	9
2191	5
2192	7
2193	3
2194	10
2195	8
2196	9
2197	9
2198	6
2199	4
2200	10
2201	8
2202	6
2203	3
2204	7
2205	11
2206	7
2207	7
2208	5
2209	9
2210	5
2211	6
2212	6
2213	9
2214	6
2215	8
2216	4
2217	8
2218	9
2219	7
2220	7
2221	8
2222	8
2223	5
2224	6
2225	9
2226	6
2227	6
2228	10
2229	5
2230	7
2231	5
2232	3
2233	5
2234	6
2235	6
2236	9
2237	6
2238	8
2239	5
2240	8
2241	7
2242	4
2243	7
2244	6
2245	5
2246	3
2247	7
2248	2
2249	2
2250	6
2251	5
2252	7
2253	9
2254	5
2255	9
2256	5
2257	9
2258	6
2259	5
2260	8
2261	12
2262	11
2263	7
2264	7
2265	8
2266	4
2267	11
2268	15
2269	16
2270	15
2271	8
2272	10
2273	16
2274	10
2275	14
2276	13
2277	12
2278	7
2279	7
2280	4
2281	4
2282	3
2283	3
2284	3
2285	2
2286	6
2287	2
2288	7
2289	5
2290	11
2291	8
2292	10
2293	4
2294	5
2295	5
2296	2
2297	8
2298	3
2299	2
2300	11
2301	3
2302	8
2303	2
2304	4
2305	7
2306	6
2307	7
2308	5
2309	7
2310	4
2311	5
2312	6
2313	7
2314	12
2315	7
2316	12
2317	13
2318	4
2319	8
2320	4
2321	5
2322	7
2323	5
2324	6
2325	1
2326	9
2327	5
2328	6
2329	6
2330	8
2331	11
2332	6
2333	3
2334	5
2335	4
2336	10
2337	7
2338	6
2339	5
2340	9
2341	6
2342	9
2343	4
2344	6
2345	7
2346	5
2347	4
2348	7
2349	4
2350	6
2351	8
2352	3
2353	3
2354	6
2355	9
2356	6
2357	10
2358	5
2359	1
2360	3
2361	5
2362	4
2363	3
2364	3
2365	7
2366	2
2367	1
2368	5
2369	6
2370	11
2371	8
2372	7
2373	9
2374	7
2375	7
2376	10
2377	4
2378	3
2379	4
2380	4
2381	4
2382	8
2383	1
2384	7
2385	7
2386	6
2387	4
2388	5
2389	3
2390	4
2391	4
2392	5
2393	7
2394	7
2395	1
2396	1
2397	3
2398	5
2399	7
2400	7
2401	9
2402	3
2403	3
2404	3
2405	6
2406	10
2407	6
2408	5
2409	3
2410	3
2411	3
2412	6
2413	9
2414	4
2415	4
2416	5
2417	3
2418	6
2419	5
2420	3
2421	5
2422	6
2423	7
2424	4
2425	2
2426	4
2427	9
2428	4
2429	3
2430	9
2431	3
2432	1
2433	1
2434	3
2435	2
2436	4
2437	6
2438	7
2439	5
2440	5
2441	4
2442	9
2443	5
2444	8
2445	7
2446	2
2447	5
2448	2
2449	5
2450	4
2451	2
2452	2
2453	2
2454	4
2455	10
2456	7
2457	4
2458	4
2459	1
2460	4
2461	3
2462	2
2463	4
2464	8
2465	5
2466	5
2467	5
2468	5
2469	11
2470	12
2471	15
2472	20
2473	11
2474	7
2475	2
2476	9
2477	1
2478	6
2479	4
2480	7
2481	13
2482	4
2483	2
2484	5
2485	5
2486	5
2487	3
2488	4
2489	9
2490	5
2491	3
2492	6
2493	5
2494	5
2495	8
2496	2
2497	5
2498	2
2499	3
2500	3
2501	3
2502	3
2503	5
2504	2
2505	4
2506	7
2507	4
2508	3
2509	6
2510	8
2511	2
2512	6
2513	4
2514	5
2515	10
2516	10
2517	10
2518	20
2519	28
2520	53
2521	66
2522	45
2523	32
2524	13
2525	3
2526	8
2527	4
2528	6
2529	10
2530	2
2531	8
2532	7
2533	5
2534	2
2535	9
2536	4
2537	7
2538	8
2539	6
2540	5
2541	3
2542	6
2543	4
2544	2
2545	4
2546	3
2547	3
2548	2
2549	2
2550	6
2551	5
2552	5
2553	5
2554	5
2555	0
2556	4
2557	3
2558	5
2559	3
2560	4
2561	5
2562	3
2563	2
2564	2
2565	1
2566	3
2567	3
2568	2
2569	2
2570	1
2571	5
2572	2
2573	5
2574	6
2575	3
2576	5
2577	6
2578	6
2579	1
2580	4
2581	1
2582	5
2583	2
2584	4
2585	8
2586	11
2587	6
2588	10
2589	10
2590	5
2591	4
2592	4
2593	3
2594	3
2595	2
2596	3
2597	6
2598	4
2599	2
2600	7
2601	3
2602	2
2603	7
2604	4
2605	5
2606	6
2607	2
2608	6
2609	1
2610	0
2611	1
2612	7
2613	4
2614	4
2615	5
2616	3
2617	2
2618	4
2619	4
2620	6
2621	4
2622	4
2623	5
2624	8
2625	6
2626	7
2627	6
2628	2
2629	3
2630	4
2631	5
2632	8
2633	3
2634	5
2635	7
2636	6
2637	6
2638	8
2639	12
2640	8
2641	11
2642	9
2643	4
2644	4
2645	3
2646	4
2647	4
2648	2
2649	4
2650	6
2651	1
2652	1
2653	5
2654	0
2655	6
2656	7
2657	3
2658	5
2659	8
2660	8
2661	2
2662	5
2663	7
2664	3
2665	6
2666	4
2667	3
2668	3
2669	4
2670	3
2671	2
2672	2
2673	4
2674	1
2675	4
2676	5
2677	1
2678	4
2679	5
2680	3
2681	1
2682	5
2683	4
2684	7
2685	5
2686	4
2687	7
2688	2
2689	6
2690	5
2691	2
2692	4
2693	4
2694	3
2695	2
2696	5
2697	2
2698	1
2699	5
2700	1
2701	3
2702	3
2703	5
2704	6
2705	5
2706	3
2707	4
2708	2
2709	0
2710	5
2711	4
2712	0
2713	4
2714	4
2715	1
2716	4
2717	2
2718	4
2719	1
2720	5
2721	2
2722	4
2723	3
2724	4
2725	0
2726	4
2727	2
2728	3
2729	5
2730	1
2731	3
2732	1
2733	2
2734	4
2735	2
2736	2
2737	4
2738	3
2739	2
2740	3
2741	2
2742	5
2743	1
2744	1
2745	2
2746	4
2747	8
2748	3
2749	2
2750	2
2751	3
2752	4
2753	3
2754	5
2755	2
2756	3
2757	2
2758	4
2759	5
2760	4
2761	8
2762	4
2763	2
2764	5
2765	7
2766	2
2767	2
2768	5
2769	4
2770	4
2771	8
2772	2
2773	2
2774	2
2775	5
2776	1
2777	4
2778	1
2779	2
2780	5
2781	2
2782	2
2783	4
2784	9
2785	4
2786	5
2787	4
2788	3
2789	2
2790	4
2791	2
2792	2
2793	3
2794	1
2795	5
2796	1
2797	2
2798	7
2799	4
2800	1
2801	4
2802	3
2803	4
2804	4
2805	2
2806	6
2807	6
2808	3
2809	6
2810	0
2811	4
2812	3
2813	6
2814	5
2815	4
2816	3
2817	1
2818	3
2819	4
2820	4
2821	2
2822	3
2823	6
2824	3
2825	5
2826	0
2827	4
2828	5
2829	2
2830	7
2831	1
2832	4
2833	4
2834	5
2835	3
2836	2
2837	3
2838	0
2839	2
2840	2
2841	6
2842	2
2843	2
2844	3
2845	3
2846	4
2847	1
2848	1
2849	2
2850	1
2851	3
2852	4
2853	3
2854	6
2855	3
2856	2
2857	9
2858	2
2859	4
2860	1
2861	3
2862	6
2863	2
2864	4
2865	4
2866	3
2867	1
2868	5
2869	2
2870	4
2871	3
2872	4
2873	1
2874	5
2875	1
2876	1
2877	1
2878	0
2879	2
2880	1
2881	7
2882	8
2883	2
2884	2
2885	5
2886	4
2887	5
2888	3
2889	4
2890	3
2891	6
2892	4
2893	1
2894	5
2895	2
2896	2
2897	6
2898	2
2899	0
2900	4
2901	6
2902	2
2903	3
2904	1
2905	2
2906	6
2907	1
2908	0
2909	1
2910	3
2911	4
2912	2
2913	2
2914	6
2915	5
2916	1
2917	4
2918	4
2919	1
2920	2
2921	7
2922	2
2923	3
2924	4
2925	4
2926	1
2927	3
2928	2
2929	1
2930	3
2931	3
2932	1
2933	1
2934	1
2935	5
2936	2
2937	0
2938	5
2939	3
2940	1
2941	4
2942	3
2943	2
2944	3
2945	3
2946	4
2947	6
2948	3
2949	2
2950	2
2951	4
2952	4
2953	2
2954	3
2955	2
2956	1
2957	1
2958	1
2959	3
2960	1
2961	6
2962	5
2963	4
2964	2
2965	3
2966	1
2967	5
2968	3
2969	4
2970	0
2971	3
2972	2
2973	3
2974	2
2975	1
2976	1
2977	3
2978	2
2979	4
2980	6
2981	5
2982	0
2983	2
2984	0
2985	2
2986	6
2987	3
2988	3
2989	3
2990	3
2991	3
2992	4
2993	1
2994	4
2995	4
2996	2
2997	2
2998	2
2999	4
3000	1
3001	1
3002	6
3003	5
3004	11
3005	7
3006	5
3007	9
3008	5
3009	6
3010	3
3011	2
3012	3
3013	8
3014	8
3015	5
3016	6
3017	5
3018	11
3019	15
3020	6
3021	7
3022	2
3023	2
3024	4
3025	4
3026	2
3027	3
3028	7
3029	3
3030	4
3031	1
3032	1
3033	2
3034	5
3035	2
3036	2
3037	2
3038	4
3039	3
3040	3
3041	4
3042	3
3043	5
3044	2
3045	4
3046	2
3047	3
3048	4
3049	2
3050	1
3051	0
3052	1
3053	2
3054	2
3055	2
3056	4
3057	3
3058	1
3059	1
3060	2
3061	1
3062	4
3063	2
3064	5
3065	4
3066	2
3067	2
3068	0
3069	4
3070	4
3071	3
3072	3
3073	2
3074	2
3075	1
3076	6
3077	5
3078	3
3079	3
3080	2
3081	2
3082	3
3083	4
3084	2
3085	1
3086	4
3087	5
3088	4
3089	4
3090	0
3091	3
3092	1
3093	0
3094	3
3095	2
3096	3
3097	2
3098	1
3099	3
3100	5
3101	1
3102	0
3103	3
3104	2
3105	0
3106	3
3107	6
3108	3
3109	5
3110	3
3111	1
3112	1
3113	1
3114	3
3115	2
3116	1
3117	3
3118	4
3119	2
3120	2
3121	2
3122	3
3123	2
3124	0
3125	4
3126	3
3127	1
3128	2
3129	3
3130	3
3131	3
3132	1
3133	3
3134	2
3135	5
3136	2
3137	1
3138	3
3139	5
3140	3
3141	1
3142	2
3143	1
3144	6
3145	8
3146	7
3147	13
3148	20
3149	18
3150	18
3151	18
3152	4
3153	2
3154	1
3155	1
3156	1
3157	3
3158	0
3159	1
3160	2
3161	0
3162	3
3163	2
3164	3
3165	6
3166	5
3167	3
3168	6
3169	5
3170	2
3171	3
3172	2
3173	4
3174	3
3175	2
3176	6
3177	2
3178	3
3179	0
3180	4
3181	2
3182	2
3183	1
3184	2
3185	2
3186	0
3187	1
3188	2
3189	3
3190	2
3191	3
3192	5
3193	2
3194	5
3195	4
3196	1
3197	6
3198	3
3199	4
3200	3
3201	3
3202	3
3203	4
3204	4
3205	6
3206	4
3207	2
3208	3
3209	6
3210	1
3211	7
3212	0
3213	2
3214	1
3215	1
3216	2
3217	6
3218	2
3219	0
3220	2
3221	1
3222	1
3223	0
3224	3
3225	5
3226	3
3227	1
3228	1
3229	4
3230	1
3231	3
3232	1
3233	1
3234	4
3235	2
3236	3
3237	1
3238	1
3239	4
3240	5
3241	5
3242	4
3243	5
3244	5
3245	4
3246	3
3247	0
3248	2
3249	5
3250	4
3251	2
3252	2
3253	1
3254	3
3255	4
3256	4
3257	5
3258	4
3259	5
3260	3
3261	3
3262	9
3263	2
3264	2
3265	1
3266	3
3267	4
3268	1
3269	2
3270	5
3271	0
3272	2
3273	4
3274	2
3275	7
3276	4
3277	1
3278	4
3279	1
3280	3
3281	0
3282	3
3283	5
3284	2
3285	3
3286	2
3287	5
3288	2
3289	1
3290	2
3291	2
3292	1
3293	4
3294	2
3295	3
3296	2
3297	2
3298	4
3299	2
3300	1
3301	0
3302	4
3303	4
3304	4
3305	3
3306	0
3307	1
3308	4
3309	2
3310	2
3311	0
3312	3
3313	3
3314	3
3315	4
3316	2
3317	3
3318	1
3319	0
3320	4
3321	3
3322	3
3323	2
3324	4
3325	1
3326	5
3327	2
3328	3
3329	3
3330	2
3331	2
3332	3
3333	3
3334	1
3335	0
3336	1
3337	4
3338	3
3339	5
3340	4
3341	6
3342	2
3343	4
3344	2
3345	4
3346	3
3347	1
3348	1
3349	3
3350	5
3351	1
3352	5
3353	3
3354	1
3355	1
3356	3
3357	6
3358	2
3359	1
3360	2
3361	3
3362	2
3363	1
3364	3
3365	2
3366	0
3367	3
3368	6
3369	4
3370	2
3371	1
3372	2
3373	1
3374	3
3375	2
3376	4
3377	1
3378	2
3379	4
3380	3
3381	2
3382	3
3383	0
3384	1
3385	5
3386	2
3387	2
3388	2
3389	4
3390	1
3391	4
3392	3
3393	4
3394	2
3395	2
3396	3
3397	1
3398	1
3399	4
3400	3
3401	2
3402	3
3403	3
3404	2
3405	1
3406	3
3407	3
3408	1
3409	2
3410	4
3411	1
3412	1
3413	3
3414	1
3415	6
3416	6
3417	7
3418	1
3419	4
3420	3
3421	0
3422	2
3423	2
3424	1
3425	1
3426	1
3427	4
3428	0
3429	2
3430	0
3431	3
3432	2
3433	2
3434	4
3435	3
3436	3
3437	3
3438	1
3439	2
3440	1
3441	3
3442	2
3443	0
3444	3
3445	0
3446	3
3447	4
3448	5
3449	0
3450	1
3451	2
3452	0
3453	2
3454	2
3455	1
3456	2
3457	2
3458	1
3459	0
3460	0
3461	3
3462	2
3463	2
3464	4
3465	2
3466	2
3467	2
3468	3
3469	4
3470	1
3471	5
3472	3
3473	4
3474	0
3475	2
3476	1
3477	0
3478	0
3479	1
3480	2
3481	3
3482	0
3483	4
3484	0
3485	3
3486	3
3487	0
3488	3
3489	2
3490	4
3491	3
3492	4
3493	1
3494	3
3495	3
3496	5
3497	6
3498	5
3499	0
3500	4
3501	2
3502	3
3503	1
3504	1
3505	1
3506	4
3507	1
3508	0
3509	0
3510	4
3511	0
3512	2
3513	1
3514	1
3515	4
3516	2
3517	2
3518	0
3519	2
3520	0
3521	4
3522	1
3523	0
3524	0
3525	1
3526	0
3527	2
3528	3
3529	1
3530	1
3531	1
3532	2
3533	1
3534	5
3535	2
3536	1
3537	3
3538	0
3539	3
3540	1
3541	1
3542	4
3543	1
3544	1
3545	0
3546	1
3547	0
3548	2
3549	2
3550	2
3551	0
3552	3
3553	1
3554	1
3555	2
3556	0
3557	3
3558	2
3559	1
3560	2
3561	0
3562	2
3563	1
3564	0
3565	1
3566	1
3567	1
3568	3
3569	2
3570	1
3571	1
3572	0
3573	4
3574	2
3575	1
3576	1
3577	1
3578	2
3579	4
3580	1
3581	0
3582	1
3583	1
3584	0
3585	0
3586	2
3587	2
3588	0
3589	1
3590	2
3591	1
3592	1
3593	0
3594	1
3595	1
3596	0
3597	0
3598	2
3599	0
3600	1
3601	2
3602	1
3603	1
3604	3
3605	2
3606	2
3607	2
3608	1
3609	0
3610	1
3611	2
3612	4
3613	2
3614	2
3615	1
3616	0
3617	0
3618	0
3619	5
3620	2
3621	1
3622	3
3623	0
3624	2
3625	0
3626	0
3627	3
3628	2
3629	1
3630	2
3631	2
3632	0
3633	2
3634	0
3635	1
3636	2
3637	0
3638	2
3639	1
3640	2
3641	2
3642	2
3643	0
3644	0
3645	0
3646	2
3647	0
3648	2
3649	1
3650	2
3651	0
3652	3
3653	0
3654	1
3655	0
3656	0
3657	0
3658	3
3659	0
3660	2
3661	1
3662	1
3663	1
3664	0
3665	0
3666	0
3667	1
3668	1
3669	1
3670	0
3671	2
3672	2
3673	0
3674	1
3675	1
3676	0
3677	2
3678	0
3679	1
3680	0
3681	1
3682	0
3683	2
3684	2
3685	2
3686	0
3687	2
3688	1
3689	1
3690	0
3691	4
3692	0
3693	1
3694	2
3695	1
3696	0
3697	0
3698	1
3699	1
3700	1
3701	3
3702	0
3703	2
3704	0
3705	2
3706	0
3707	2
3708	2
3709	2
3710	0
3711	0
3712	1
3713	0
3714	6
3715	2
3716	1
3717	1
3718	2
3719	1
3720	1
3721	1
3722	4
3723	2
3724	4
3725	4
3726	2
3727	0
3728	0
3729	3
3730	5
3731	10
3732	23
3733	47
3734	66
3735	75
3736	60
3737	43
3738	26
3739	17
3740	7
3741	0
3742	1
3743	1
3744	0
3745	0
3746	0
3747	0
3748	1
3749	1
3750	0
3751	0
3752	1
3753	0
3754	1
3755	1
3756	2
3757	0
3758	0
3759	0
3760	0
3761	0
3762	1
3763	0
3764	1
3765	2
3766	1
3767	0
3768	2
3769	2
3770	0
3771	0
3772	0
3773	0
3774	0
3775	0
3776	1
3777	0
3778	0
3779	0
3780	0
3781	1
3782	0
3783	0
3784	0
3785	1
3786	0
3787	0
3788	0
3789	0
3790	0
3791	0
3792	0
3793	0
3794	1
3795	0
3796	0
3797	1
3798	1
3799	0
3800	1
3801	1
3802	0
3803	0
3804	0
3805	1
3806	0
3807	0
3808	0
3809	0
3810	0
3811	1
3812	0
3813	1
3814	0
3815	0
3816	0
3817	1
3818	0
3819	0
3820	0
3821	0
3822	0
3823	0
3824	0
3825	1
3826	0
3827	0
3828	1
3829	0
3830	1
3831	0
3832	1
3833	0
3834	0
3835	0
3836	1
3837	1
3838	0
3839	0
3840	0
3841	0
3842	0
3843	0
3844	1
3845	0
3846	0
3847	0
3848	0
3849	1
3850	0
3851	0
3852	0
3853	0
3854	0
3855	0
3856	0
3857	0
3858	0
3859	0
3860	0
3861	0
3862	0
3863	0
3864	0
3865	0
3866	0
3867	0
3868	2
3869	0
3870	1
3871	0
3872	0
3873	0
3874	2
3875	0
3876	0
3877	0
3878	0
3879	0
3880	0
3881	0
3882	0
3883	0
3884	0
3885	0
3886	1
3887	0
3888	0
3889	0
3890	0
3891	0
3892	1
3893	0
3894	0
3895	0
3896	0
3897	0
3898	1
3899	0
3900	0
3901	0
3902	0
3903	0
3904	0
3905	0
3906	0
3907	0
3908	0
3909	0
3910	0
3911	0
3912	1
3913	0
3914	0
3915	0
3916	0
3917	0
3918	0
3919	1
3920	0
3921	0
3922	0
3923	0
3924	0
3925	0
3926	0
3927	0
3928	0
3929	0
3930	0
3931	0
3932	0
3933	0
3934	0
3935	0
3936	0
3937	0
3938	0
3939	0
3940	0
3941	0
3942	0
3943	0
3944	0
3945	0
3946	0
3947	0
3948	0
3949	0
3950	0
3951	0
3952	0
3953	0
3954	0
3955	0
3956	0
3957	0
3958	0
3959	0
3960	0
3961	0
3962	0
3963	0
3964	0
3965	0
3966	0
3967	0
3968	0
3969	0
3970	0
3971	0
3972	0
3973	0
3974	0
3975	0
3976	0
3977	0
3978	0
3979	0
3980	0
3981	0
3982	0
3983	0
3984	0
3985	0
3986	0
3987	0
3988	0
3989	0
3990	0
3991	0
3992	0
3993	0
3994	0
3995	0
3996	0
3997	0
3998	0
3999	0
4000	0
4001	0
4002	0
4003	0
4004	0
4005	0
4006	0
4007	0
4008	0
4009	0
4010	0
4011	0
4012	0
4013	0
4014	0
4015	0
4016	0
4017	0
4018	0
4019	0
4020	0
4021	0
4022	0
4023	0
4024	0
4025	0
4026	0
4027	0
4028	0
4029	0
4030	0
4031	0
4032	0
4033	0
4034	0
4035	0
4036	0
4037	0
4038	0
4039	0
4040	0
4041	0
4042	0
4043	0
4044	0
4045	0
4046	0
4047	0
4048	0
4049	0
4050	0
4051	0
4052	0
4053	0
4054	0
4055	0
4056	0
4057	0
4058	0
4059	0
4060	0
4061	0
4062	0
4063	0
4064	0
4065	0
4066	0
4067	0
4068	0
4069	0
4070	0
4071	0
4072	0
4073	0
4074	0
4075	0
4076	0
4077	0
4078	0
4079	0
4080	0
4081	0
4082	0
4083	0
4084	0
4085	0
4086	0
4087	0
4088	0
4089	0
4090	0
4091	0
4092	0
4093	0
4094	0
4095	0
